Decoded:
0001 1000 0001 1000 0000 0000 0001 0000 0010 0000 0101 0000 0000 1000 1000 0101
tttt TT00 0000 0000 1010 0100 mmmm P000 ffff 0000 ssss 0101 0000 0000 0000 1101 // t = 2nd digit of temp, T = 1st digit of temp, ffff =  each mode 

Fan: auto, mode: cool  
Temp 16
0110 1000 0000 0000 1010 0100 0100 0000 1000 0000 0000 0101 0000 0000 0000 1101 
	   
Temp  17   
1110 1000 0000 0000 1010 0100 0100 0000 1000 0000 0000 0101 0000 1000 0000 1011 
1110 1000 0000 0000 1010 0100 0100 0000 1000 0000 0000 0101 0000 0000 0000 0011 
		     
Temp  18   
0001 1000 0000 0000 1010 0100 0100 0000 1000 0000 0000 0101 0000 0000 0000 1011  
		   
Temp  19   
1001 1000 0000 0000 1010 0100 0100 0000 1000 0000 0000 0101 0000 1000 0000 1111 
1001 1000 0000 0000 1010 0100 0100 0000 1000 0000 0000 0101 0000 0000 0000 0111
 		   
Temp  20   
0000 0100 0000 0000 1010 0100 0100 0000 1000 0000 0000 0101 0000 0000 0000 0110  
		   
Temp  21
1000 0100 0000 0000 1010 0100 0100 0000 1000 0000 0000 0101 0000 1000 0000 0001

Temp  22
0100 0100 0000 0000 1010 0100 0100 0000 1000 0000 0000 0101 0000 1000 0000 1001
0100 0100 0000 0000 1010 0100 0100 0000 1000 0000 0000 0101 0000 1000 0000 1001

Temp  23
1100 0100 0000 0000 1010 0100 0100 0000 1000 0000 0000 0101 0000 1000 0000 0101

Temp  24
0010 0100 0000 0000 1010 0100 0100 0000 1000 0000 0000 0101 0000 1000 0000 1101

Temp  25
1010 0100 0000 0000 1010 0100 0100 0000 1000 0000 0000 0101 0000 1000 0000 0011

Temp  26
0110 0100 0000 0000 1010 0100 0100 0000 1000 0000 0000 0101 0000 1000 0000 1011

Temp  27
1110 0100 0000 0000 1010 0100 0100 0000 1000 0000 0000 0101 0000 1000 0000 0111

Temp  28
0001 0100 0000 0000 1010 0100 0100 0000 1000 0000 0000 0101 0000 1000 0000 1111

Temp  29
1001 0100 0000 0000 1010 0100 0100 0000 1000 0000 0000 0101 0000 1000 0000 0000

Temp 30
0000 1100 0000 0000 1010 0100 0100 0000 1000 0000 0000 0101 0000 1000 0000 0001

Temp 16, Mode: Heat

Fan Auto
0110 1000 0000 0000 1010 0100 0010 0000 1000 0000 0000 0101 0000 0000 0000 1011

Fan 1
0110 1000 0000 0000 1010 0100 0010 0000 0001 0000 0000 0101 0000 1000 0000 1010

Fan 2
0110 1000 0000 0000 1010 0100 0010 0000 0010 0000 0000 0101 0000 1000 0000 1000

Fan 3
0110 1000 0000 0000 1010 0100 0010 0000 0100 0000 0000 0101 0000 1000 0000 1111

Fan Auto
0110 1000 0000 0000 1010 0100 0010 0000 1000 0000 0000 0101 0000 1000 0000 0111

Temp 16, Fan Auto,
Mode Cool:
0110 1000 0000 0000 1010 0100 0100 0000 1000 0000 0000 0101 0000 0000 0000 1101

Mode heat:
0110 1000 0000 0000 1010 0100 0010 0000 1000 0000 0000 0101 0000 1000 0000 0111

Mode Auto:
0110 1000 0000 0000 1010 0100 0001 0000 1000 0000 0000 0101 0000 1000 0000 0100

Mode Dry:
0110 1000 0000 0000 1010 0100 0000 0100 1000 0000 0000 0101 0000 1000 0000 0011

Mode Fan:
0110 1000 0000 0000 1010 0100 1000 0000 0001 0000 0000 0101 0000 1000 0000 0100

Mode Cool, Temp 16, Fan Auto
Swing off
0110 1000 0000 0000 1010 0100 0100 0000 1000 0000 0000 0000 0000 0000 0000 1000

Swing On
0110 1000 0000 0000 1010 0100 0100 0000 1000 0000 0000 1111 1000 1000 0000 0100

Mode Cool, Temp 16, Fan Auto
Controller ON
0110 1000 0000 0000 1010 0100 0100 0000 1000 0000 0000 0000 0000 1000 0000 0100

Controller Off
0110 1000 0000 0000 1010 0100 0100 1000 1000 0000 0000 0000 0000 1000 0000 1100



 --   --                  --   --   --    -                       --
0110 1000 0000 0000 1010 0100 0100 1000 1000 0000 0000 0000 0000 1000 0000 1100
0110 1000 0000 0000 1010 0100 0001 0000 1000 0000 0000 0101 0000 1000 0000 0100
0110 1000 0000 0000 1010 0100 0100 0000 1000 0000 0000 0000 0000 1000 0000 0100
1010 0100 0000 0000 1010 0100 0100 0000 1000 0000 0000 0101 0000 1000 0000 0011
0110 1000 0000 0000 1010 0100 0010 0000 1000 0000 0000 0101 0000 1000 0000 0111



CHECKSUM: SUM OF BYTES: 1, 2, 6, 7, 8, 14
CHECKSUM: SUM OF BYTES: 1, 2, 2*6, 14, -12